197
242
186
265
132
53
31
3
135
149
122
212
148
21
240
201
152
114
24
146
153
253
244
222
128
8
174
258
247
62
180
245
168
87
100
130
179
150
12
55
192
11
129
32
142
170
246
198
133
210
161
262
79
15
54
252
209
93
257
167
81
235
123
16
77
91
126
131
73
162
239
43
145
82
23
194
141
137
236
181
85
109
176
48
143
50
155
2
125
121
5
64
107
160
261
260
182
60
214
233
218
25
46
37
202
66
204
191
127
7
44
94
187
151
90
158
70
89
75
144
134
248
99
178
227
80
264
98
165
14
10
28
219
13
96
33
171
220
6
263
249
49
138
59
42
206
57
38
163
118
188
113
228
243
195
83
9
175
172
217
231
1
234
250
115
207
156
30
259
56
58
63
157
19
29
111
190
35
47
101
136
196
147
189
159
173
27
124
119
65
223
92
78
36
117
22
169
40
216
256
116
183
193
232
61
97
177
255
254
26
51
251
74
237
72
215
106
108
4
39
226
164
203
200
241
166
140
95
112
213
102
84
221
67
154
205
120
20
71
184
68
224
230
69
238
76
45
185
41
229
211
52
139
17
208
86
34
225
88
18