36
83
57
232
47
32
156
68
255
70
174
128
75
143
233
250
93
80
66
39
51
86
120
204
263
202
10
228
34
148
247
38
154
100
92
23
141
145
226
214
101
102
153
19
88
237
95
208
177
46
131
96
144
82
116
84
196
223
53
48
11
3
165
221
254
125
158
193
115
33
76
108
5
262
87
17
224
203
147
122
230
243
169
187
164
35
52
81
113
152
77
64
8
211
264
7
67
180
73
74
133
61
259
249
197
26
28
54
50
146
161
186
71
12
184
55
225
126
60
1
117
99
129
85
56
149
160
209
260
157
6
114
183
37
63
90
244
78
112
49
121
182
201
170
229
44
216
167
195
212
42
231
65
256
18
252
24
155
218
190
30
261
58
166
200
13
89
20
91
175
94
210
257
240
127
238
135
173
215
119
185
132
213
40
189
194
124
217
21
162
265
118
139
251
163
15
253
97
188
191
123
136
4
219
150
98
236
168
14
239
45
178
142
181
234
72
220
41
43
69
159
198
205
62
31
79
151
246
9
130
106
134
207
258
227
109
138
179
242
29
59
137
140
248
25
241
192
22
16
222
172
107
235
171
245